1741792154967 0.77924 0
1741792368653 0.86456 1
1741792531054 0.90892 2
1741792705507 0.9077 3
1741792874994 0.93375 4
1741793038130 0.94986 5
1741793203417 0.94316 6
1741793378522 0.95771 7
1741793559494 0.95729 8
1741793768736 0.96612 9
1741793964708 0.9584 10
1741794126845 0.95958 11
1741794310564 0.96413 12
1741794482225 0.97292 13
1741794636426 0.97282 14
1741794791563 0.96892 15
1741794943420 0.97922 16
1741795095950 0.97718 17
1741795251894 0.98211 18
1741795407115 0.98219 19
1741795417861 0.9821908146710987 19
