1741792154967 0.81354 0
1741792368653 0.89459 1
1741792531054 0.95645 2
1741792705507 0.94724 3
1741792874994 0.96073 4
1741793038130 0.97918 5
1741793203417 0.96994 6
1741793378522 0.97507 7
1741793559494 0.98065 8
1741793768736 0.9863 9
1741793964708 0.9759 10
1741794126845 0.98129 11
1741794310564 0.98509 12
1741794482225 0.9897 13
1741794636426 0.98406 14
1741794791563 0.98755 15
1741794943420 0.99046 16
1741795095950 0.99133 17
1741795251894 0.99149 18
1741795407115 0.9922 19
1741795417861 0.9921960976268638 19
