1741792154967 0.69044 0
1741792368653 0.73109 1
1741792531054 0.88845 2
1741792705507 0.91321 3
1741792874994 0.93427 4
1741793038130 0.95577 5
1741793203417 0.95527 6
1741793378522 0.96536 7
1741793559494 0.96173 8
1741793768736 0.96855 9
1741793964708 0.94984 10
1741794126845 0.96409 11
1741794310564 0.96333 12
1741794482225 0.94804 13
1741794636426 0.93934 14
1741794791563 0.94956 15
1741794943420 0.96538 16
1741795095950 0.96953 17
1741795251894 0.96792 18
1741795407115 0.97458 19
1741795417861 0.9745729824683049 19
