1741792154967 0.90023 0
1741792368653 0.88869 1
1741792531054 0.88118 2
1741792705507 0.91967 3
1741792874994 0.95326 4
1741793038130 0.97239 5
1741793203417 0.93879 6
1741793378522 0.97451 7
1741793559494 0.97877 8
1741793768736 0.98963 9
1741793964708 0.98674 10
1741794126845 0.96148 11
1741794310564 0.97998 12
1741794482225 0.97912 13
1741794636426 0.97541 14
1741794791563 0.96873 15
1741794943420 0.98873 16
1741795095950 0.97972 17
1741795251894 0.97895 18
1741795407115 0.99061 19
1741795417861 0.9906116642958749 19
