1741792141276 0.0004125 0
1741792359410 0.0007881229166666666 1
1741792522373 0.0011224958333333334 2
1741792696712 0.001064375 3
1741792865846 0.0010025000000000001 4
1741793029574 0.000940625 5
1741793194919 0.00087875 6
1741793364986 0.000816875 7
1741793549120 0.000755 8
1741793758658 0.0006931250000000001 9
1741793954082 0.00063125 10
1741794117925 0.000569375 11
1741794301036 0.0005075 12
1741794474025 0.000445625 13
1741794627511 0.0003837500000000001 14
1741794783540 0.000321875 15
1741794935484 0.00026 16
1741795088090 0.00019812500000000003 17
1741795243289 0.00013624999999999998 18
1741795399132 7.437500000000006e-05 19
